x y z qx qy qz qw yaw_deg direction
-0.096780 -0.161685 0.000000 0.000000 0.000000 0.912086 -0.409998 -131.59 stop
-0.095744 -0.160576 0.000000 0.000000 0.000000 0.912086 -0.409998 -131.59 stop
-0.094707 -0.159468 0.000000 0.000000 0.000000 0.912086 -0.409998 -131.59 stop
-0.093670 -0.158365 0.000000 0.000000 0.000000 0.912086 -0.409999 -131.59 stop
-0.100895 -0.167787 0.000000 0.000000 0.000000 0.912086 -0.409999 -131.59 stop
-0.100022 -0.166902 0.000000 0.000000 0.000000 0.912086 -0.409999 -131.59 stop
-0.099151 -0.166021 0.000000 0.000000 0.000000 0.912086 -0.409999 -131.59 stop
-0.098279 -0.165144 0.000000 0.000000 0.000000 0.912086 -0.410000 -131.59 stop
-0.097407 -0.164271 0.000000 0.000000 0.000000 0.912086 -0.410000 -131.59 stop
-0.096536 -0.163403 0.000000 0.000000 0.000000 0.912085 -0.410000 -131.59 stop
-0.103210 -0.171799 0.000000 0.000000 0.000000 0.912086 -0.410000 -131.59 stop
-0.102493 -0.171127 0.000000 0.000000 0.000000 0.912085 -0.410000 -131.59 stop
-0.101776 -0.170461 0.000000 0.000000 0.000000 0.912085 -0.410001 -131.59 stop
-0.101062 -0.169800 0.000000 0.000000 0.000000 0.912085 -0.410001 -131.59 stop
-0.100349 -0.169146 0.000000 0.000000 0.000000 0.912085 -0.410001 -131.59 stop
-0.099638 -0.168497 0.000000 0.000000 0.000000 0.912085 -0.410001 -131.59 stop
-0.105696 -0.175838 0.000000 0.000000 0.000000 0.912085 -0.410001 -131.59 stop
-0.105125 -0.175363 0.000000 0.000000 0.000000 0.912085 -0.410001 -131.59 stop
-0.104557 -0.174895 0.000000 0.000000 0.000000 0.912085 -0.410002 -131.59 stop
-0.103991 -0.174434 0.000000 0.000000 0.000000 0.912085 -0.410002 -131.59 stop
-0.103428 -0.173981 0.000000 0.000000 0.000000 0.912085 -0.410002 -131.59 stop
-0.102869 -0.173535 0.000000 0.000000 0.000000 0.912085 -0.410002 -131.59 stop
-0.108269 -0.179816 0.000000 0.000000 0.000000 0.912085 -0.410002 -131.59 stop
-0.107835 -0.179520 0.000000 0.000000 0.000000 0.912084 -0.410002 -131.59 stop
-0.107405 -0.179234 0.000000 0.000000 0.000000 0.912084 -0.410003 -131.59 stop
-0.106979 -0.178955 0.000000 0.000000 0.000000 0.912084 -0.410003 -131.59 stop
-0.106556 -0.178685 0.000000 0.000000 0.000000 0.912084 -0.410003 -131.59 stop
-0.106138 -0.178423 0.000000 0.000000 0.000000 0.912086 -0.410000 -131.59 stop
-0.110860 -0.183663 0.000000 0.000000 0.000000 0.912085 -0.410000 -131.59 stop
-0.110553 -0.183529 0.000000 0.000000 0.000000 0.912085 -0.410000 -131.59 stop
-0.110251 -0.183405 0.000000 0.000000 0.000000 0.912104 -0.409960 -131.60 stop
-0.109953 -0.183290 0.000000 0.000000 0.000000 0.912106 -0.409955 -131.60 stop
-0.109659 -0.183184 0.000000 0.000000 0.000000 0.912108 -0.409950 -131.60 stop
-0.109370 -0.183087 0.000000 0.000000 0.000000 0.912122 -0.409919 -131.60 stop
-0.113414 -0.187325 0.000000 0.000000 0.000000 0.912125 -0.409912 -131.60 stop
-0.113222 -0.187334 0.000000 0.000000 0.000000 0.912129 -0.409904 -131.60 stop
-0.113036 -0.187354 0.000000 0.000000 0.000000 0.912141 -0.409877 -131.61 stop
-0.112855 -0.187384 0.000000 0.000000 0.000000 0.912145 -0.409868 -131.61 stop
-0.112679 -0.187424 0.000000 0.000000 0.000000 0.912149 -0.409859 -131.61 stop
-0.112509 -0.187473 0.000000 0.000000 0.000000 0.912162 -0.409831 -131.61 stop
-0.083985 -0.140658 0.000000 0.000000 0.000000 0.912166 -0.409822 -131.61 stop
-0.083247 -0.139773 0.000000 0.000000 0.000000 0.912170 -0.409811 -131.61 stop
-0.082511 -0.138892 0.000000 0.000000 0.000000 0.912190 -0.409768 -131.62 stop
-0.081774 -0.138011 0.000000 0.000000 0.000000 0.912196 -0.409754 -131.62 stop
-0.081038 -0.137133 0.000000 0.000000 0.000000 0.912203 -0.409739 -131.62 stop
-0.080302 -0.136257 0.000000 0.000000 0.000000 0.912222 -0.409696 -131.63 stop
-0.032361 -0.005129 0.000000 0.000000 0.000000 0.912226 -0.409686 -131.63 stop
-0.030663 -0.001603 0.000000 0.000000 0.000000 0.912234 -0.409669 -131.63 stop
-0.028957 0.001936 0.000000 0.000000 0.000000 0.912294 -0.409536 -131.65 stop
-0.027242 0.005502 0.000000 0.000000 0.000000 0.912309 -0.409502 -131.65 stop
-0.025521 0.009086 0.000000 0.000000 0.000000 0.912324 -0.409469 -131.66 stop
-0.023790 0.012683 0.000000 0.000000 0.000000 0.912387 -0.409329 -131.67 stop
0.074786 0.209413 0.000000 0.000000 0.000000 0.912406 -0.409285 -131.68 stop
0.078510 0.216990 0.000000 0.000000 0.000000 0.912427 -0.409239 -131.69 stop
0.082256 0.224609 0.000000 0.000000 0.000000 0.912455 -0.409177 -131.69 stop
0.086030 0.232290 0.000000 0.000000 0.000000 0.912476 -0.409130 -131.70 stop
0.089828 0.240021 0.000000 0.000000 0.000000 0.912497 -0.409083 -131.71 stop
0.093652 0.247809 0.000000 0.000000 0.000000 0.912516 -0.409041 -131.71 stop
0.250632 0.632332 0.000000 0.000000 0.000000 0.912520 -0.409032 -131.71 forward
0.257641 0.647904 0.000000 0.000000 0.000000 0.912540 -0.408988 -131.72 forward
0.264647 0.663584 0.000000 0.000000 0.000000 0.912348 -0.409417 -131.66 forward
0.271745 0.679399 0.000000 0.000000 0.000000 0.912327 -0.409461 -131.66 forward
0.278881 0.695309 0.000000 0.000000 0.000000 0.912307 -0.409506 -131.65 forward
0.285765 0.711477 0.000000 0.000000 0.000000 0.911224 -0.411912 -131.35 forward
0.520434 1.234631 0.000000 0.000000 0.000000 0.911022 -0.412358 -131.29 forward
0.532198 1.261308 0.000000 0.000000 0.000000 0.910825 -0.412792 -131.24 forward
0.543525 1.288395 0.000000 0.000000 0.000000 0.909347 -0.416039 -130.83 forward
0.555248 1.315581 0.000000 0.000000 0.000000 0.908931 -0.416947 -130.72 forward
0.567002 1.342996 0.000000 0.000000 0.000000 0.908514 -0.417854 -130.60 forward
0.578057 1.370923 0.000000 0.000000 0.000000 0.906648 -0.421888 -130.09 forward
0.829361 1.983099 0.000000 0.000000 0.000000 0.905962 -0.423359 -129.91 forward
0.845544 2.023358 0.000000 0.000000 0.000000 0.905305 -0.424761 -129.73 forward
0.861962 2.063777 0.000000 0.000000 0.000000 0.905210 -0.424964 -129.70 forward
0.878226 2.104666 0.000000 0.000000 0.000000 0.904662 -0.426131 -129.56 forward
0.894510 2.145921 0.000000 0.000000 0.000000 0.904111 -0.427297 -129.41 forward
0.909092 2.188184 0.000000 0.000000 0.000000 0.901291 -0.433214 -128.66 forward
1.204094 2.856108 0.000000 0.000000 0.000000 0.900447 -0.434965 -128.43 forward
1.225005 2.911630 0.000000 0.000000 0.000000 0.899530 -0.436859 -128.19 forward
1.241107 2.969358 0.000000 0.000000 0.000000 0.893219 -0.449622 -126.56 forward
1.260495 3.026401 0.000000 0.000000 0.000000 0.891466 -0.453088 -126.12 forward
1.279570 3.083993 0.000000 0.000000 0.000000 0.889700 -0.456546 -125.67 forward
1.295676 3.143037 0.000000 0.000000 0.000000 0.885637 -0.464379 -124.66 forward
1.575590 3.876986 0.000000 0.000000 0.000000 0.883595 -0.468252 -124.16 forward
1.596923 3.950725 0.000000 0.000000 0.000000 0.881479 -0.472223 -123.64 forward
1.620369 4.024337 0.000000 0.000000 0.000000 0.882372 -0.470552 -123.86 forward
1.641637 4.099314 0.000000 0.000000 0.000000 0.880799 -0.473490 -123.48 forward
1.662545 4.174939 0.000000 0.000000 0.000000 0.879217 -0.476421 -123.10 forward
1.686161 4.250399 0.000000 0.000000 0.000000 0.880250 -0.474511 -123.35 forward
1.957671 4.966333 0.000000 0.000000 0.000000 0.879410 -0.476066 -123.14 forward
1.982347 5.057235 0.000000 0.000000 0.000000 0.878249 -0.478204 -122.86 forward
2.011495 5.147535 0.000000 0.000000 0.000000 0.880754 -0.473573 -123.47 forward
2.037057 5.239650 0.000000 0.000000 0.000000 0.880170 -0.474659 -123.33 forward
2.062538 5.332364 0.000000 0.000000 0.000000 0.879584 -0.475743 -123.18 forward
2.098746 5.423070 0.000000 0.000000 0.000000 0.885594 -0.464459 -124.65 forward
2.349896 6.196040 0.000000 0.000000 0.000000 0.886179 -0.463343 -124.79 forward
2.382208 6.304244 0.000000 0.000000 0.000000 0.886568 -0.462599 -124.89 forward
2.431123 6.408435 0.000000 0.000000 0.000000 0.896007 -0.444039 -127.28 forward
2.468602 6.516697 0.000000 0.000000 0.000000 0.897637 -0.440735 -127.70 forward
2.507135 6.625408 0.000000 0.000000 0.000000 0.899254 -0.437427 -128.12 forward
2.561239 6.729952 0.000000 0.000000 0.000000 0.906036 -0.423201 -129.93 forward
2.804243 7.386587 0.000000 0.000000 0.000000 0.908309 -0.418300 -130.55 forward
2.853659 7.506531 0.000000 0.000000 0.000000 0.910341 -0.413859 -131.11 forward
2.906207 7.626276 0.000000 0.000000 0.000000 0.911254 -0.411844 -131.36 forward
2.957969 7.747233 0.000000 0.000000 0.000000 0.912807 -0.408391 -131.79 forward
3.010917 7.868416 0.000000 0.000000 0.000000 0.914344 -0.404939 -132.23 forward
3.063978 7.991079 0.000000 0.000000 0.000000 0.913860 -0.406029 -132.09 forward
3.308544 8.638692 0.000000 0.000000 0.000000 0.914795 -0.403918 -132.35 forward
3.368468 8.772513 0.000000 0.000000 0.000000 0.915810 -0.401612 -132.64 forward
3.421943 8.910271 0.000000 0.000000 0.000000 0.912650 -0.408743 -131.75 forward
3.481182 9.046563 0.000000 0.000000 0.000000 0.912882 -0.408223 -131.81 forward
3.540984 9.183721 0.000000 0.000000 0.000000 0.913115 -0.407703 -131.88 forward
3.589940 9.326588 0.000000 0.000000 0.000000 0.909208 -0.416341 -130.79 forward
3.829047 9.903178 0.000000 0.000000 0.000000 0.908822 -0.417183 -130.69 forward
3.891199 10.053107 0.000000 0.000000 0.000000 0.908433 -0.418030 -130.58 forward
3.952761 10.204385 0.000000 0.000000 0.000000 0.908184 -0.418571 -130.51 forward
4.015272 10.356411 0.000000 0.000000 0.000000 0.907876 -0.419238 -130.43 forward
4.077980 10.509557 0.000000 0.000000 0.000000 0.907568 -0.419906 -130.34 forward
4.140686 10.663863 0.000000 0.000000 0.000000 0.907511 -0.420029 -130.33 forward
4.371166 11.166424 0.000000 0.000000 0.000000 0.907553 -0.419937 -130.34 forward
4.438388 11.329863 0.000000 0.000000 0.000000 0.907326 -0.420428 -130.28 forward
4.505594 11.494394 0.000000 0.000000 0.000000 0.907263 -0.420565 -130.26 forward
4.573460 11.659991 0.000000 0.000000 0.000000 0.907096 -0.420925 -130.21 forward
4.641655 11.826760 0.000000 0.000000 0.000000 0.906928 -0.421285 -130.17 forward
4.709958 11.994579 0.000000 0.000000 0.000000 0.906898 -0.421351 -130.16 forward
4.920446 12.470121 0.000000 0.000000 0.000000 0.906964 -0.421207 -130.18 forward
4.992761 12.646395 0.000000 0.000000 0.000000 0.906843 -0.421469 -130.15 forward
5.063520 12.824472 0.000000 0.000000 0.000000 0.906172 -0.422910 -129.96 forward
5.136076 13.003231 0.000000 0.000000 0.000000 0.905974 -0.423333 -129.91 forward
5.208928 13.183194 0.000000 0.000000 0.000000 0.905777 -0.423756 -129.86 forward
5.268989 13.369578 0.000000 0.000000 0.000000 0.902172 -0.431376 -128.89 forward
5.425216 13.757961 0.000000 0.000000 0.000000 0.901529 -0.432719 -128.72 forward
5.497288 13.947077 0.000000 0.000000 0.000000 0.900855 -0.434121 -128.54 forward
5.568166 14.137830 0.000000 0.000000 0.000000 0.900367 -0.435132 -128.41 forward
5.640169 14.329692 0.000000 0.000000 0.000000 0.899790 -0.436323 -128.26 forward
5.712051 14.522779 0.000000 0.000000 0.000000 0.899213 -0.437512 -128.11 forward
5.784897 14.716845 0.000000 0.000000 0.000000 0.899276 -0.437381 -128.13 forward
5.932609 15.071700 0.000000 0.000000 0.000000 0.899027 -0.437894 -128.06 forward
6.006618 15.272003 0.000000 0.000000 0.000000 0.898594 -0.438782 -127.95 forward
6.081635 15.472899 0.000000 0.000000 0.000000 0.898709 -0.438545 -127.98 forward
6.156304 15.675789 0.000000 0.000000 0.000000 0.898392 -0.439195 -127.89 forward
6.231116 15.879971 0.000000 0.000000 0.000000 0.898074 -0.439844 -127.81 forward
6.307133 16.084752 0.000000 0.000000 0.000000 0.898191 -0.439606 -127.84 forward
6.412201 16.350218 0.000000 0.000000 0.000000 0.898062 -0.439869 -127.81 forward
6.488524 16.559161 0.000000 0.000000 0.000000 0.897828 -0.440346 -127.75 forward
6.565988 16.769030 0.000000 0.000000 0.000000 0.897932 -0.440134 -127.78 forward
6.643158 16.980624 0.000000 0.000000 0.000000 0.897761 -0.440483 -127.73 forward
6.720522 17.193257 0.000000 0.000000 0.000000 0.897589 -0.440832 -127.69 forward
6.799176 17.406884 0.000000 0.000000 0.000000 0.897694 -0.440620 -127.71 forward
6.859857 17.639826 0.000000 0.000000 0.000000 0.897215 -0.441594 -127.59 forward
6.937861 17.856750 0.000000 0.000000 0.000000 0.897089 -0.441850 -127.56 forward
7.017399 18.074408 0.000000 0.000000 0.000000 0.897247 -0.441530 -127.60 forward
7.096326 18.293799 0.000000 0.000000 0.000000 0.897156 -0.441715 -127.57 forward
7.175590 18.514407 0.000000 0.000000 0.000000 0.897064 -0.441900 -127.55 forward
7.256404 18.735694 0.000000 0.000000 0.000000 0.897202 -0.441620 -127.59 forward
7.334395 18.887062 0.000000 0.000000 0.000000 0.897492 -0.441031 -127.66 forward
7.415173 19.109878 0.000000 0.000000 0.000000 0.897425 -0.441166 -127.64 forward
7.496833 19.333452 0.000000 0.000000 0.000000 0.897505 -0.441005 -127.66 forward
7.578511 19.558691 0.000000 0.000000 0.000000 0.897459 -0.441099 -127.65 forward
7.660542 19.785042 0.000000 0.000000 0.000000 0.897412 -0.441193 -127.64 forward
7.743461 20.012261 0.000000 0.000000 0.000000 0.897472 -0.441071 -127.66 forward
7.776988 20.140314 0.000000 0.000000 0.000000 0.897249 -0.441524 -127.60 forward
7.859173 20.368153 0.000000 0.000000 0.000000 0.897216 -0.441592 -127.59 forward
7.942395 20.597116 0.000000 0.000000 0.000000 0.897283 -0.441457 -127.61 forward
8.025581 20.827625 0.000000 0.000000 0.000000 0.897257 -0.441510 -127.60 forward
8.109092 21.059115 0.000000 0.000000 0.000000 0.897230 -0.441563 -127.59 forward
8.193630 21.291577 0.000000 0.000000 0.000000 0.897295 -0.441432 -127.61 forward
8.246160 21.347443 0.000000 0.000000 0.000000 0.897767 -0.440471 -127.73 forward
8.330716 21.578877 0.000000 0.000000 0.000000 0.897747 -0.440511 -127.73 forward
8.415513 21.811320 0.000000 0.000000 0.000000 0.897735 -0.440536 -127.72 forward
8.500941 22.045211 0.000000 0.000000 0.000000 0.897721 -0.440564 -127.72 forward
8.586726 22.280112 0.000000 0.000000 0.000000 0.897708 -0.440592 -127.72 forward
8.672945 22.516028 0.000000 0.000000 0.000000 0.897743 -0.440520 -127.73 forward
8.681127 22.559385 0.000000 0.000000 0.000000 0.897627 -0.440755 -127.70 forward
8.766519 22.793693 0.000000 0.000000 0.000000 0.897626 -0.440758 -127.70 forward
8.851633 23.029645 0.000000 0.000000 0.000000 0.897483 -0.441048 -127.66 forward
8.937760 23.266417 0.000000 0.000000 0.000000 0.897468 -0.441079 -127.65 forward
9.024255 23.504243 0.000000 0.000000 0.000000 0.897453 -0.441109 -127.65 forward
9.110700 23.743231 0.000000 0.000000 0.000000 0.897435 -0.441147 -127.65 forward
9.105557 23.676344 0.000000 0.000000 0.000000 0.897726 -0.440554 -127.72 forward
9.191629 23.911304 0.000000 0.000000 0.000000 0.897723 -0.440560 -127.72 forward
9.277174 24.147443 0.000000 0.000000 0.000000 0.897617 -0.440775 -127.69 forward
9.364100 24.385030 0.000000 0.000000 0.000000 0.897615 -0.440780 -127.69 forward
9.451207 24.623104 0.000000 0.000000 0.000000 0.897613 -0.440784 -127.69 forward
9.537735 24.862687 0.000000 0.000000 0.000000 0.897492 -0.441031 -127.66 forward
9.545290 24.807197 0.000000 0.000000 0.000000 0.897903 -0.440193 -127.77 forward
9.632205 25.042639 0.000000 0.000000 0.000000 0.897898 -0.440204 -127.77 forward
9.719885 25.278805 0.000000 0.000000 0.000000 0.898172 -0.439644 -127.84 forward
9.807875 25.516129 0.000000 0.000000 0.000000 0.898237 -0.439511 -127.85 forward
9.896318 25.754440 0.000000 0.000000 0.000000 0.898302 -0.439378 -127.87 forward
9.998782 25.988659 0.000000 0.000000 0.000000 0.901454 -0.432874 -128.70 forward
9.967424 25.941398 0.000000 0.000000 0.000000 0.901750 -0.432259 -128.78 forward
10.058664 26.175820 0.000000 0.000000 0.000000 0.902307 -0.431094 -128.93 forward
10.152380 26.409505 0.000000 0.000000 0.000000 0.902967 -0.429709 -129.10 forward
10.245545 26.645052 0.000000 0.000000 0.000000 0.903486 -0.428617 -129.24 forward
10.339682 26.881370 0.000000 0.000000 0.000000 0.904004 -0.427524 -129.38 forward
10.433104 27.119038 0.000000 0.000000 0.000000 0.903914 -0.427714 -129.35 forward
10.390317 26.982129 0.000000 0.000000 0.000000 0.904386 -0.426715 -129.48 forward
10.483478 27.213206 0.000000 0.000000 0.000000 0.904771 -0.425899 -129.58 forward
10.575904 27.445804 0.000000 0.000000 0.000000 0.904656 -0.426142 -129.55 forward
10.670039 27.678521 0.000000 0.000000 0.000000 0.904945 -0.425529 -129.63 forward
10.764924 27.912166 0.000000 0.000000 0.000000 0.905233 -0.424915 -129.71 forward
10.859270 28.146966 0.000000 0.000000 0.000000 0.905187 -0.425013 -129.70 forward
10.768822 27.896167 0.000000 0.000000 0.000000 0.905503 -0.424340 -129.78 forward
10.861373 28.122441 0.000000 0.000000 0.000000 0.905728 -0.423860 -129.84 forward
10.952477 28.350187 0.000000 0.000000 0.000000 0.905437 -0.424481 -129.76 forward
11.045658 28.578236 0.000000 0.000000 0.000000 0.905577 -0.424181 -129.80 forward
11.139270 28.806895 0.000000 0.000000 0.000000 0.905718 -0.423881 -129.84 forward
11.232721 29.036562 0.000000 0.000000 0.000000 0.905731 -0.423853 -129.84 forward
11.130049 28.801350 0.000000 0.000000 0.000000 0.905736 -0.423843 -129.85 forward
11.220730 29.022991 0.000000 0.000000 0.000000 0.905859 -0.423580 -129.88 forward
11.311407 29.245580 0.000000 0.000000 0.000000 0.905813 -0.423678 -129.87 forward
11.402789 29.468726 0.000000 0.000000 0.000000 0.905901 -0.423489 -129.89 forward
11.494558 29.692540 0.000000 0.000000 0.000000 0.905990 -0.423300 -129.91 forward
11.585958 29.917184 0.000000 0.000000 0.000000 0.905889 -0.423514 -129.89 forward
11.521802 29.700040 0.000000 0.000000 0.000000 0.906253 -0.422735 -129.99 forward
11.611458 29.917093 0.000000 0.000000 0.000000 0.906308 -0.422619 -130.00 forward
11.700727 30.134745 0.000000 0.000000 0.000000 0.906236 -0.422772 -129.98 forward
11.790905 30.353083 0.000000 0.000000 0.000000 0.906275 -0.422688 -129.99 forward
11.881390 30.572035 0.000000 0.000000 0.000000 0.906315 -0.422604 -130.00 forward
11.971355 30.791895 0.000000 0.000000 0.000000 0.906203 -0.422842 -129.97 forward
11.879293 30.643180 0.000000 0.000000 0.000000 0.905825 -0.423651 -129.87 forward
11.966510 30.856892 0.000000 0.000000 0.000000 0.905846 -0.423606 -129.88 forward
12.053576 31.070927 0.000000 0.000000 0.000000 0.905773 -0.423762 -129.86 forward
12.141185 31.285763 0.000000 0.000000 0.000000 0.905775 -0.423759 -129.86 forward
12.229035 31.501180 0.000000 0.000000 0.000000 0.905777 -0.423755 -129.86 forward
12.316620 31.717433 0.000000 0.000000 0.000000 0.905650 -0.424026 -129.82 forward
12.265375 31.576307 0.000000 0.000000 0.000000 0.905717 -0.423882 -129.84 forward
12.351011 31.786382 0.000000 0.000000 0.000000 0.905698 -0.423924 -129.83 forward
12.436516 31.996781 0.000000 0.000000 0.000000 0.905628 -0.424074 -129.82 forward
12.522479 32.207905 0.000000 0.000000 0.000000 0.905601 -0.424131 -129.81 forward
12.608711 32.419759 0.000000 0.000000 0.000000 0.905574 -0.424189 -129.80 forward
12.695524 32.631307 0.000000 0.000000 0.000000 0.905700 -0.423919 -129.84 forward
12.640803 32.452946 0.000000 0.000000 0.000000 0.905921 -0.423447 -129.90 forward
12.724879 32.657993 0.000000 0.000000 0.000000 0.905919 -0.423451 -129.89 forward
12.809550 32.863302 0.000000 0.000000 0.000000 0.906050 -0.423171 -129.93 forward
12.894282 33.069544 0.000000 0.000000 0.000000 0.906073 -0.423122 -129.94 forward
12.979141 33.276021 0.000000 0.000000 0.000000 0.906096 -0.423073 -129.94 forward
13.061817 33.483777 0.000000 0.000000 0.000000 0.905524 -0.424295 -129.79 forward
12.994612 33.330705 0.000000 0.000000 0.000000 0.905398 -0.424564 -129.75 forward
13.076277 33.531568 0.000000 0.000000 0.000000 0.905321 -0.424728 -129.73 forward
13.150250 33.735939 0.000000 0.000000 0.000000 0.903666 -0.428238 -129.29 forward
13.230727 33.938395 0.000000 0.000000 0.000000 0.903436 -0.428723 -129.23 forward
13.311074 34.141148 0.000000 0.000000 0.000000 0.903206 -0.429207 -129.17 forward
13.388396 34.345637 0.000000 0.000000 0.000000 0.902715 -0.430239 -129.03 forward
13.353361 34.264802 0.000000 0.000000 0.000000 0.902524 -0.430640 -128.98 forward
13.431208 34.463496 0.000000 0.000000 0.000000 0.902331 -0.431044 -128.93 forward
13.507385 34.662773 0.000000 0.000000 0.000000 0.902071 -0.431587 -128.86 forward
13.585198 34.862386 0.000000 0.000000 0.000000 0.901930 -0.431883 -128.83 forward
13.662903 35.062098 0.000000 0.000000 0.000000 0.901788 -0.432179 -128.79 forward
13.739146 35.262643 0.000000 0.000000 0.000000 0.901576 -0.432620 -128.73 forward
13.697540 35.192215 0.000000 0.000000 0.000000 0.901332 -0.433129 -128.67 forward
13.772823 35.387610 0.000000 0.000000 0.000000 0.901228 -0.433345 -128.64 forward
13.847296 35.583638 0.000000 0.000000 0.000000 0.901076 -0.433660 -128.60 forward
13.922707 35.779925 0.000000 0.000000 0.000000 0.900999 -0.433821 -128.58 forward
13.998151 35.976495 0.000000 0.000000 0.000000 0.900922 -0.433982 -128.56 forward
14.072770 36.173499 0.000000 0.000000 0.000000 0.900799 -0.434236 -128.53 forward
14.075072 36.114812 0.000000 0.000000 0.000000 0.901055 -0.433705 -128.59 forward
14.149455 36.307073 0.000000 0.000000 0.000000 0.900998 -0.433824 -128.58 forward
14.223020 36.499815 0.000000 0.000000 0.000000 0.900855 -0.434120 -128.54 forward
14.297514 36.692771 0.000000 0.000000 0.000000 0.900813 -0.434208 -128.53 forward
14.372049 36.885926 0.000000 0.000000 0.000000 0.900771 -0.434295 -128.52 forward
14.445846 37.079569 0.000000 0.000000 0.000000 0.900661 -0.434522 -128.49 forward
14.425536 37.082169 0.000000 0.000000 0.000000 0.900392 -0.435080 -128.42 forward
14.498185 37.272298 0.000000 0.000000 0.000000 0.900362 -0.435141 -128.41 forward
14.570540 37.462745 0.000000 0.000000 0.000000 0.900300 -0.435270 -128.40 forward
14.643394 37.653588 0.000000 0.000000 0.000000 0.900278 -0.435316 -128.39 forward
14.716189 37.844324 0.000000 0.000000 0.000000 0.900255 -0.435362 -128.38 forward
14.788689 38.035345 0.000000 0.000000 0.000000 0.900203 -0.435471 -128.37 forward
14.811287 38.039677 0.000000 0.000000 0.000000 0.900437 -0.434986 -128.43 forward
14.883518 38.227384 0.000000 0.000000 0.000000 0.900420 -0.435021 -128.43 forward
14.955330 38.415448 0.000000 0.000000 0.000000 0.900337 -0.435193 -128.40 forward
15.027657 38.603581 0.000000 0.000000 0.000000 0.900324 -0.435220 -128.40 forward
15.100055 38.791913 0.000000 0.000000 0.000000 0.900311 -0.435247 -128.40 forward
15.172053 38.980646 0.000000 0.000000 0.000000 0.900239 -0.435395 -128.38 forward
15.170576 39.037072 0.000000 0.000000 0.000000 0.899968 -0.435957 -128.31 forward
15.241492 39.223403 0.000000 0.000000 0.000000 0.899957 -0.435978 -128.30 forward
15.312312 39.409795 0.000000 0.000000 0.000000 0.899936 -0.436022 -128.30 forward
15.383416 39.596666 0.000000 0.000000 0.000000 0.899927 -0.436040 -128.30 forward
15.454548 39.783620 0.000000 0.000000 0.000000 0.899919 -0.436058 -128.29 forward
15.525580 39.970672 0.000000 0.000000 0.000000 0.899897 -0.436102 -128.29 forward
15.564632 40.020735 0.000000 0.000000 0.000000 0.900123 -0.435635 -128.35 forward
15.635480 40.205399 0.000000 0.000000 0.000000 0.900116 -0.435650 -128.35 forward
15.705953 40.390338 0.000000 0.000000 0.000000 0.900027 -0.435833 -128.32 forward
15.776807 40.575202 0.000000 0.000000 0.000000 0.900016 -0.435857 -128.32 forward
15.847746 40.760295 0.000000 0.000000 0.000000 0.900005 -0.435881 -128.32 forward
15.918491 40.945582 0.000000 0.000000 0.000000 0.899978 -0.435935 -128.31 forward
15.931743 41.040955 0.000000 0.000000 0.000000 0.899710 -0.436488 -128.24 forward
16.001576 41.224928 0.000000 0.000000 0.000000 0.899705 -0.436499 -128.24 forward
16.080491 41.405397 0.000000 0.000000 0.000000 0.902449 -0.430797 -128.96 forward
16.152793 41.588565 0.000000 0.000000 0.000000 0.902873 -0.429908 -129.08 forward
16.225531 41.771767 0.000000 0.000000 0.000000 0.903296 -0.429018 -129.19 forward
16.298918 41.954608 0.000000 0.000000 0.000000 0.903532 -0.428521 -129.25 forward
16.303668 42.037856 0.000000 0.000000 0.000000 0.903547 -0.428489 -129.26 forward
16.375798 42.219350 0.000000 0.000000 0.000000 0.903892 -0.427760 -129.35 forward
16.447658 42.400568 0.000000 0.000000 0.000000 0.903897 -0.427751 -129.35 forward
16.520177 42.582323 0.000000 0.000000 0.000000 0.904149 -0.427217 -129.42 forward
16.592798 42.763708 0.000000 0.000000 0.000000 0.904401 -0.426684 -129.49 forward
16.665327 42.945523 0.000000 0.000000 0.000000 0.904387 -0.426712 -129.48 forward
16.697427 43.070417 0.000000 0.000000 0.000000 0.904369 -0.426751 -129.48 forward
16.769638 43.251186 0.000000 0.000000 0.000000 0.904554 -0.426360 -129.53 forward
16.841733 43.431876 0.000000 0.000000 0.000000 0.904558 -0.426351 -129.53 forward
16.914210 43.612936 0.000000 0.000000 0.000000 0.904693 -0.426063 -129.56 forward
16.986716 43.793736 0.000000 0.000000 0.000000 0.904829 -0.425776 -129.60 forward
17.059145 43.974674 0.000000 0.000000 0.000000 0.904825 -0.425784 -129.60 forward
17.121147 44.085120 0.000000 0.000000 0.000000 0.905116 -0.425165 -129.68 forward
17.193936 44.264902 0.000000 0.000000 0.000000 0.905216 -0.424952 -129.70 forward
17.266358 44.444717 0.000000 0.000000 0.000000 0.905170 -0.425049 -129.69 forward
17.339285 44.624728 0.000000 0.000000 0.000000 0.905244 -0.424893 -129.71 forward
17.412264 44.804689 0.000000 0.000000 0.000000 0.905317 -0.424737 -129.73 forward
17.484817 44.984604 0.000000 0.000000 0.000000 0.905272 -0.424832 -129.72 forward
17.557139 45.134013 0.000000 0.000000 0.000000 0.905453 -0.424445 -129.77 forward
17.630359 45.313567 0.000000 0.000000 0.000000 0.905507 -0.424330 -129.78 forward
17.703103 45.493123 0.000000 0.000000 0.000000 0.905443 -0.424468 -129.77 forward
17.776507 45.673140 0.000000 0.000000 0.000000 0.905482 -0.424384 -129.78 forward
17.849843 45.852894 0.000000 0.000000 0.000000 0.905522 -0.424300 -129.79 forward
17.922811 46.032919 0.000000 0.000000 0.000000 0.905466 -0.424420 -129.77 forward
17.968078 46.163191 0.000000 0.000000 0.000000 0.905406 -0.424546 -129.76 forward
18.040904 46.342229 0.000000 0.000000 0.000000 0.905435 -0.424485 -129.76 forward
18.113525 46.521433 0.000000 0.000000 0.000000 0.905398 -0.424564 -129.75 forward
18.186486 46.700815 0.000000 0.000000 0.000000 0.905419 -0.424519 -129.76 forward
18.259481 46.880232 0.000000 0.000000 0.000000 0.905440 -0.424475 -129.77 forward
18.332227 47.059721 0.000000 0.000000 0.000000 0.905406 -0.424546 -129.76 forward
18.392191 47.224402 0.000000 0.000000 0.000000 0.905344 -0.424680 -129.74 forward
18.464991 47.403823 0.000000 0.000000 0.000000 0.905359 -0.424647 -129.74 forward
18.537670 47.583206 0.000000 0.000000 0.000000 0.905347 -0.424672 -129.74 forward
18.610605 47.762953 0.000000 0.000000 0.000000 0.905359 -0.424647 -129.74 forward
18.683453 47.942457 0.000000 0.000000 0.000000 0.905371 -0.424622 -129.75 forward
18.756255 48.122083 0.000000 0.000000 0.000000 0.905363 -0.424638 -129.74 forward
18.793342 48.264050 0.000000 0.000000 0.000000 0.905145 -0.425103 -129.69 forward
18.865454 48.443166 0.000000 0.000000 0.000000 0.905155 -0.425082 -129.69 forward
18.937783 48.622441 0.000000 0.000000 0.000000 0.905178 -0.425032 -129.69 forward
19.009980 48.801710 0.000000 0.000000 0.000000 0.905186 -0.425016 -129.70 forward
19.082228 48.981094 0.000000 0.000000 0.000000 0.905193 -0.425000 -129.70 forward
19.154499 49.160188 0.000000 0.000000 0.000000 0.905212 -0.424961 -129.70 forward
19.219524 49.285916 0.000000 0.000000 0.000000 0.905377 -0.424608 -129.75 forward
19.291863 49.464465 0.000000 0.000000 0.000000 0.905383 -0.424596 -129.75 forward
19.364094 49.642979 0.000000 0.000000 0.000000 0.905368 -0.424627 -129.75 forward
19.436407 49.821488 0.000000 0.000000 0.000000 0.905372 -0.424619 -129.75 forward
19.508791 50.000164 0.000000 0.000000 0.000000 0.905376 -0.424611 -129.75 forward
19.581024 50.178812 0.000000 0.000000 0.000000 0.905354 -0.424658 -129.74 forward
19.655895 50.341294 0.000000 0.000000 0.000000 0.905455 -0.424441 -129.77 forward
19.728468 50.519847 0.000000 0.000000 0.000000 0.905457 -0.424439 -129.77 forward
19.800925 50.698469 0.000000 0.000000 0.000000 0.905442 -0.424470 -129.77 forward
19.873523 50.877102 0.000000 0.000000 0.000000 0.905445 -0.424463 -129.77 forward
19.946160 51.055825 0.000000 0.000000 0.000000 0.905448 -0.424457 -129.77 forward
20.018706 51.234610 0.000000 0.000000 0.000000 0.905445 -0.424463 -129.77 forward
20.066769 51.375969 0.000000 0.000000 0.000000 0.905346 -0.424675 -129.74 forward
20.138934 51.554169 0.000000 0.000000 0.000000 0.905352 -0.424663 -129.74 forward
20.215425 51.730595 0.000000 0.000000 0.000000 0.906743 -0.421684 -130.12 forward
20.288864 51.908404 0.000000 0.000000 0.000000 0.906976 -0.421182 -130.18 forward
20.362529 52.086206 0.000000 0.000000 0.000000 0.907209 -0.420679 -130.25 forward
20.445957 52.259871 0.000000 0.000000 0.000000 0.910196 -0.414179 -131.06 forward
20.507585 52.434806 0.000000 0.000000 0.000000 0.910723 -0.413018 -131.21 forward
20.584423 52.611463 0.000000 0.000000 0.000000 0.911404 -0.411513 -131.40 forward
20.673011 52.782812 0.000000 0.000000 0.000000 0.915159 -0.403093 -132.46 forward
20.753772 52.957861 0.000000 0.000000 0.000000 0.916255 -0.400596 -132.77 forward
20.835436 53.132361 0.000000 0.000000 0.000000 0.917342 -0.398099 -133.08 forward
20.916030 53.307357 0.000000 0.000000 0.000000 0.917592 -0.397523 -133.15 forward
20.990946 53.462701 0.000000 0.000000 0.000000 0.918496 -0.395430 -133.41 forward
21.074402 53.636137 0.000000 0.000000 0.000000 0.919393 -0.393339 -133.68 forward
21.156858 53.809837 0.000000 0.000000 0.000000 0.919729 -0.392554 -133.77 forward
21.241454 53.982933 0.000000 0.000000 0.000000 0.920525 -0.390684 -134.01 forward
21.326744 54.155672 0.000000 0.000000 0.000000 0.921317 -0.388812 -134.24 forward
21.421977 54.323401 0.000000 0.000000 0.000000 0.924464 -0.381269 -135.18 forward
21.498777 54.467517 0.000000 0.000000 0.000000 0.925603 -0.378497 -135.52 forward
21.588477 54.637523 0.000000 0.000000 0.000000 0.926729 -0.375731 -135.86 forward
21.685369 54.803787 0.000000 0.000000 0.000000 0.929254 -0.369441 -136.64 forward
21.778458 54.972210 0.000000 0.000000 0.000000 0.930517 -0.366249 -137.03 forward
21.872590 55.139794 0.000000 0.000000 0.000000 0.931767 -0.363058 -137.42 forward
21.973035 55.303995 0.000000 0.000000 0.000000 0.934032 -0.357189 -138.14 forward
22.083344 55.445743 0.000000 0.000000 0.000000 0.935601 -0.353060 -138.65 forward
22.182547 55.610478 0.000000 0.000000 0.000000 0.936928 -0.349522 -139.08 forward
22.296718 55.766304 0.000000 0.000000 0.000000 0.941678 -0.336514 -140.67 forward
22.401707 55.927339 0.000000 0.000000 0.000000 0.943431 -0.331568 -141.27 forward
22.508462 56.087383 0.000000 0.000000 0.000000 0.945159 -0.326611 -141.87 forward
22.640900 56.231092 0.000000 0.000000 0.000000 0.951732 -0.306929 -144.25 forward
22.767700 56.331601 0.000000 0.000000 0.000000 0.954300 -0.298850 -145.22 forward
22.885531 56.483053 0.000000 0.000000 0.000000 0.956494 -0.291752 -146.07 forward
23.016388 56.624932 0.000000 0.000000 0.000000 0.960531 -0.278174 -147.70 forward
23.140475 56.771058 0.000000 0.000000 0.000000 0.962751 -0.270389 -148.63 forward
23.266960 56.915202 0.000000 0.000000 0.000000 0.964909 -0.262585 -149.55 forward
23.391503 57.061613 0.000000 0.000000 0.000000 0.965470 -0.260515 -149.80 forward
23.548011 57.147960 0.000000 0.000000 0.000000 0.967615 -0.252432 -150.76 forward
23.679828 57.286407 0.000000 0.000000 0.000000 0.969308 -0.245850 -151.54 forward
23.811676 57.424984 0.000000 0.000000 0.000000 0.970318 -0.241831 -152.01 forward
23.946508 57.560639 0.000000 0.000000 0.000000 0.971810 -0.235764 -152.73 forward
24.083074 57.694632 0.000000 0.000000 0.000000 0.973265 -0.229686 -153.44 forward
24.217830 57.830790 0.000000 0.000000 0.000000 0.973780 -0.227494 -153.70 forward
24.375416 57.923549 0.000000 0.000000 0.000000 0.975268 -0.221026 -154.46 forward
24.516111 58.052711 0.000000 0.000000 0.000000 0.976468 -0.215664 -155.09 forward
24.648631 58.190695 0.000000 0.000000 0.000000 0.975616 -0.219482 -154.64 forward
24.789795 58.319579 0.000000 0.000000 0.000000 0.976499 -0.215522 -155.11 forward
24.931984 58.447280 0.000000 0.000000 0.000000 0.977365 -0.211560 -155.57 forward
25.072223 58.576521 0.000000 0.000000 0.000000 0.977880 -0.209167 -155.85 forward
25.218160 58.687523 0.000000 0.000000 0.000000 0.978770 -0.204964 -156.35 forward
25.363168 58.811859 0.000000 0.000000 0.000000 0.979572 -0.201092 -156.80 forward
25.514403 58.927791 0.000000 0.000000 0.000000 0.981643 -0.190727 -158.01 forward
25.663270 59.047883 0.000000 0.000000 0.000000 0.982607 -0.185695 -158.60 forward
25.813312 59.166384 0.000000 0.000000 0.000000 0.983545 -0.180661 -159.18 forward
25.973845 59.271006 0.000000 0.000000 0.000000 0.985975 -0.166894 -160.79 forward
26.109862 59.357781 0.000000 0.000000 0.000000 0.987062 -0.160339 -161.55 forward
26.265426 59.467877 0.000000 0.000000 0.000000 0.988075 -0.153972 -162.29 forward
26.422757 59.575625 0.000000 0.000000 0.000000 0.988977 -0.148072 -162.97 forward
26.581008 59.681857 0.000000 0.000000 0.000000 0.989882 -0.141890 -163.69 forward
26.740605 59.786104 0.000000 0.000000 0.000000 0.990750 -0.135702 -164.40 forward
26.905286 59.882686 0.000000 0.000000 0.000000 0.992009 -0.126164 -165.50 forward
27.059039 59.968805 0.000000 0.000000 0.000000 0.992845 -0.119409 -166.28 forward
27.222969 60.065456 0.000000 0.000000 0.000000 0.993619 -0.112790 -167.05 forward
27.396160 60.146976 0.000000 0.000000 0.000000 0.995308 -0.096759 -168.89 forward
27.564504 60.236034 0.000000 0.000000 0.000000 0.996052 -0.088768 -169.81 forward
27.734281 60.322370 0.000000 0.000000 0.000000 0.996733 -0.080770 -170.73 forward
27.911403 60.395189 0.000000 0.000000 0.000000 0.997753 -0.067006 -172.32 forward
28.072421 60.451854 0.000000 0.000000 0.000000 0.998317 -0.057996 -173.35 forward
28.246835 60.527206 0.000000 0.000000 0.000000 0.998782 -0.049342 -174.34 forward
28.424729 60.595316 0.000000 0.000000 0.000000 0.999254 -0.038612 -175.57 forward
28.602089 60.663916 0.000000 0.000000 0.000000 0.999556 -0.029796 -176.59 forward
28.780668 60.729370 0.000000 0.000000 0.000000 0.999780 -0.020976 -177.60 forward
28.966254 60.777610 0.000000 0.000000 0.000000 0.999988 -0.004931 -179.43 forward
29.154297 60.841413 0.000000 0.000000 0.000000 0.999989 0.004598 179.47 forward
29.337187 60.894492 0.000000 0.000000 0.000000 0.999899 0.014234 178.37 forward
29.526085 60.927063 0.000000 0.000000 0.000000 0.999396 0.034742 176.02 forward
29.711896 60.968918 0.000000 0.000000 0.000000 0.998945 0.045919 174.74 forward
29.898671 61.006602 0.000000 0.000000 0.000000 0.998369 0.057094 173.45 forward
30.090156 61.025427 0.000000 0.000000 0.000000 0.997148 0.075468 171.34 forward
30.263529 61.021995 0.000000 0.000000 0.000000 0.996110 0.088122 169.89 forward
30.452377 61.043356 0.000000 0.000000 0.000000 0.994979 0.100089 168.51 forward
30.642640 61.061566 0.000000 0.000000 0.000000 0.994085 0.108604 167.53 forward
30.832263 61.075353 0.000000 0.000000 0.000000 0.992827 0.119557 166.27 forward
31.022148 61.084937 0.000000 0.000000 0.000000 0.991449 0.130495 165.00 forward
31.211754 61.110140 0.000000 0.000000 0.000000 0.991746 0.128221 165.27 forward
31.399613 61.097416 0.000000 0.000000 0.000000 0.990514 0.137412 164.20 forward
31.589463 61.100124 0.000000 0.000000 0.000000 0.989279 0.146041 163.20 forward
31.779157 61.119742 0.000000 0.000000 0.000000 0.989927 0.141580 163.72 forward
31.968944 61.120960 0.000000 0.000000 0.000000 0.988953 0.148230 162.95 forward
32.159128 61.119605 0.000000 0.000000 0.000000 0.987932 0.154886 162.18 forward
32.348489 61.123552 0.000000 0.000000 0.000000 0.987430 0.158057 161.81 forward
32.551070 61.077147 0.000000 0.000000 0.000000 0.986191 0.165610 160.93 forward
32.740861 61.068242 0.000000 0.000000 0.000000 0.985110 0.171925 160.20 forward
32.929477 61.052302 0.000000 0.000000 0.000000 0.983287 0.182061 159.02 forward
33.118951 61.036875 0.000000 0.000000 0.000000 0.981953 0.189127 158.20 forward
33.308114 61.018705 0.000000 0.000000 0.000000 0.980568 0.196179 157.37 forward
33.497528 61.004366 0.000000 0.000000 0.000000 0.979877 0.199601 156.97 forward
33.673607 60.955506 0.000000 0.000000 0.000000 0.978360 0.206910 156.12 forward
33.861628 60.930084 0.000000 0.000000 0.000000 0.976957 0.213436 155.35 forward
34.049846 60.908772 0.000000 0.000000 0.000000 0.976292 0.216458 155.00 forward
34.237246 60.879604 0.000000 0.000000 0.000000 0.974911 0.222597 154.28 forward
34.424394 60.848029 0.000000 0.000000 0.000000 0.973489 0.228732 153.56 forward
34.610132 60.811833 0.000000 0.000000 0.000000 0.971524 0.236939 152.59 forward
34.803587 60.788003 0.000000 0.000000 0.000000 0.969999 0.243110 151.86 forward
34.989537 60.748537 0.000000 0.000000 0.000000 0.968330 0.249674 151.08 forward
35.177256 60.718570 0.000000 0.000000 0.000000 0.968635 0.248490 151.22 forward
35.362738 60.677072 0.000000 0.000000 0.000000 0.967232 0.253894 150.58 forward
35.547642 60.633501 0.000000 0.000000 0.000000 0.965800 0.259287 149.94 forward
35.735550 60.603898 0.000000 0.000000 0.000000 0.966593 0.256316 150.30 forward
35.913782 60.558175 0.000000 0.000000 0.000000 0.965424 0.260685 149.78 forward
36.098061 60.511962 0.000000 0.000000 0.000000 0.964252 0.264987 149.27 forward
36.281715 60.466180 0.000000 0.000000 0.000000 0.963030 0.269395 148.74 forward
36.465015 60.416491 0.000000 0.000000 0.000000 0.961739 0.273966 148.20 forward
36.647828 60.365037 0.000000 0.000000 0.000000 0.960428 0.278529 147.66 forward
36.826066 60.300647 0.000000 0.000000 0.000000 0.956730 0.290976 146.17 forward
36.995217 60.255157 0.000000 0.000000 0.000000 0.954988 0.296645 145.49 forward
37.175307 60.195065 0.000000 0.000000 0.000000 0.953121 0.302588 144.77 forward
37.347678 60.113907 0.000000 0.000000 0.000000 0.946975 0.321306 142.52 forward
37.524186 60.044392 0.000000 0.000000 0.000000 0.944262 0.329194 141.56 forward
37.699515 59.971908 0.000000 0.000000 0.000000 0.941483 0.337059 140.60 forward
37.869275 59.885205 0.000000 0.000000 0.000000 0.936497 0.350676 138.94 forward
38.040788 59.809870 0.000000 0.000000 0.000000 0.933307 0.359078 137.91 forward
38.211178 59.726344 0.000000 0.000000 0.000000 0.929991 0.367582 136.87 forward
38.383935 59.646672 0.000000 0.000000 0.000000 0.929080 0.369879 136.58 forward
38.552416 59.559320 0.000000 0.000000 0.000000 0.926136 0.377190 135.68 forward
38.719466 59.469309 0.000000 0.000000 0.000000 0.923135 0.384476 134.78 forward
38.893181 59.391119 0.000000 0.000000 0.000000 0.924091 0.382172 135.06 forward
38.999718 59.362699 0.000000 0.000000 0.000000 0.922093 0.386969 134.47 forward
39.163980 59.270865 0.000000 0.000000 0.000000 0.919668 0.392697 133.76 forward
39.333857 59.188733 0.000000 0.000000 0.000000 0.920675 0.390330 134.05 forward
39.497626 59.095647 0.000000 0.000000 0.000000 0.918736 0.394871 133.48 forward
39.660375 59.000981 0.000000 0.000000 0.000000 0.916776 0.399401 132.92 forward
39.828646 58.916035 0.000000 0.000000 0.000000 0.917564 0.397588 133.14 forward
39.855715 58.928057 0.000000 0.000000 0.000000 0.916369 0.400335 132.80 forward
40.015115 58.834276 0.000000 0.000000 0.000000 0.914742 0.404039 132.34 forward
40.178183 58.747209 0.000000 0.000000 0.000000 0.915222 0.402950 132.47 forward
40.336953 58.652531 0.000000 0.000000 0.000000 0.913836 0.406083 132.08 forward
40.495017 58.556790 0.000000 0.000000 0.000000 0.912440 0.409210 131.69 forward
40.658079 58.469599 0.000000 0.000000 0.000000 0.913341 0.407196 131.94 forward
40.552773 58.556545 0.000000 0.000000 0.000000 0.912617 0.408815 131.74 forward
40.705605 58.464721 0.000000 0.000000 0.000000 0.911481 0.411343 131.42 forward
40.863156 58.381046 0.000000 0.000000 0.000000 0.912867 0.408256 131.81 forward
41.015790 58.289588 0.000000 0.000000 0.000000 0.912039 0.410103 131.58 forward
41.168154 58.197456 0.000000 0.000000 0.000000 0.911206 0.411951 131.35 forward
41.325186 58.113708 0.000000 0.000000 0.000000 0.912473 0.409136 131.70 forward
41.047688 58.240759 0.000000 0.000000 0.000000 0.911623 0.411028 131.46 forward
41.191579 58.154551 0.000000 0.000000 0.000000 0.911014 0.412376 131.29 forward
41.338908 58.074876 0.000000 0.000000 0.000000 0.912174 0.409803 131.62 forward
41.482529 57.989310 0.000000 0.000000 0.000000 0.911734 0.410782 131.49 forward
41.625933 57.903469 0.000000 0.000000 0.000000 0.911292 0.411761 131.37 forward
41.772793 57.824076 0.000000 0.000000 0.000000 0.912319 0.409480 131.66 forward
41.372474 58.031588 0.000000 0.000000 0.000000 0.911834 0.410559 131.52 forward
41.505209 57.953522 0.000000 0.000000 0.000000 0.911513 0.411272 131.43 forward
41.639944 57.880551 0.000000 0.000000 0.000000 0.912424 0.409246 131.69 forward
41.772212 57.803240 0.000000 0.000000 0.000000 0.912193 0.409761 131.62 forward
