x y z qx qy qz qw yaw_deg direction
7.453534 18.464828 0.000000 0.000000 0.000000 0.578693 0.815545 70.72 stop
7.452558 18.464802 0.000000 0.000000 0.000000 0.578681 0.815554 70.72 stop
7.434587 18.465868 0.000000 0.000000 0.000000 0.578672 0.815561 70.71 stop
7.433140 18.465620 0.000000 0.000000 0.000000 0.578653 0.815574 70.71 stop
7.431628 18.465247 0.000000 0.000000 0.000000 0.578641 0.815583 70.71 stop
7.430049 18.464750 0.000000 0.000000 0.000000 0.578628 0.815591 70.71 stop
7.428406 18.464129 0.000000 0.000000 0.000000 0.578613 0.815602 70.71 stop
7.426698 18.463383 0.000000 0.000000 0.000000 0.578601 0.815611 70.70 stop
7.414509 18.464073 0.000000 0.000000 0.000000 0.578587 0.815620 70.70 stop
7.412458 18.463112 0.000000 0.000000 0.000000 0.578573 0.815631 70.70 forward
7.410340 18.462027 0.000000 0.000000 0.000000 0.578561 0.815639 70.70 forward
7.408156 18.460819 0.000000 0.000000 0.000000 0.578548 0.815648 70.70 forward
7.405902 18.459484 0.000000 0.000000 0.000000 0.578534 0.815658 70.70 forward
7.403584 18.458028 0.000000 0.000000 0.000000 0.578522 0.815667 70.69 forward
7.396602 18.459341 0.000000 0.000000 0.000000 0.578508 0.815677 70.69 forward
7.394057 18.457697 0.000000 0.000000 0.000000 0.578450 0.815718 70.68 forward
7.391441 18.455928 0.000000 0.000000 0.000000 0.578431 0.815731 70.68 forward
7.388760 18.454036 0.000000 0.000000 0.000000 0.578412 0.815745 70.68 forward
7.386009 18.452024 0.000000 0.000000 0.000000 0.578255 0.815856 70.66 forward
7.383190 18.449887 0.000000 0.000000 0.000000 0.578216 0.815883 70.65 forward
7.380837 18.452556 0.000000 0.000000 0.000000 0.578176 0.815912 70.64 forward
7.376515 18.449187 0.000000 0.000000 0.000000 0.577908 0.816102 70.61 forward
7.374878 18.447871 0.000000 0.000000 0.000000 0.577872 0.816127 70.60 forward
7.371800 18.445347 0.000000 0.000000 0.000000 0.577807 0.816174 70.59 forward
7.368647 18.442707 0.000000 0.000000 0.000000 0.577485 0.816401 70.55 forward
7.365427 18.439937 0.000000 0.000000 0.000000 0.577386 0.816472 70.53 forward
7.367141 18.444471 0.000000 0.000000 0.000000 0.577284 0.816543 70.52 forward
7.363882 18.441620 0.000000 0.000000 0.000000 0.576878 0.816830 70.46 forward
7.360558 18.438640 0.000000 0.000000 0.000000 0.576739 0.816928 70.44 forward
7.357167 18.435542 0.000000 0.000000 0.000000 0.576600 0.817026 70.42 forward
7.353699 18.432339 0.000000 0.000000 0.000000 0.576095 0.817383 70.35 forward
7.350172 18.429007 0.000000 0.000000 0.000000 0.575910 0.817513 70.33 forward
7.355400 18.435711 0.000000 0.000000 0.000000 0.575723 0.817645 70.30 forward
7.351903 18.432355 0.000000 0.000000 0.000000 0.575181 0.818026 70.22 forward
7.348347 18.428875 0.000000 0.000000 0.000000 0.574949 0.818189 70.19 forward
7.344716 18.425271 0.000000 0.000000 0.000000 0.574716 0.818353 70.16 forward
7.341006 18.421577 0.000000 0.000000 0.000000 0.574015 0.818845 70.06 forward
7.337242 18.417751 0.000000 0.000000 0.000000 0.573727 0.819046 70.02 forward
7.345475 18.426781 0.000000 0.000000 0.000000 0.573438 0.819249 69.98 forward
7.341802 18.423005 0.000000 0.000000 0.000000 0.572648 0.819801 69.87 forward
7.338072 18.419095 0.000000 0.000000 0.000000 0.572302 0.820043 69.82 forward
7.334276 18.415075 0.000000 0.000000 0.000000 0.571956 0.820285 69.77 forward
7.330386 18.410966 0.000000 0.000000 0.000000 0.571082 0.820893 69.65 forward
7.326444 18.406721 0.000000 0.000000 0.000000 0.570676 0.821175 69.59 forward
7.337223 18.418113 0.000000 0.000000 0.000000 0.570269 0.821458 69.54 forward
7.333427 18.413987 0.000000 0.000000 0.000000 0.569322 0.822115 69.41 forward
7.329586 18.409736 0.000000 0.000000 0.000000 0.568856 0.822437 69.34 forward
7.325666 18.405364 0.000000 0.000000 0.000000 0.568388 0.822761 69.28 forward
7.321656 18.400920 0.000000 0.000000 0.000000 0.567378 0.823457 69.14 forward
7.317603 18.396348 0.000000 0.000000 0.000000 0.566853 0.823819 69.06 forward
7.330479 18.410005 0.000000 0.000000 0.000000 0.566326 0.824181 68.99 forward
7.326495 18.405715 0.000000 0.000000 0.000000 0.561769 0.827294 68.36 forward
7.322539 18.401219 0.000000 0.000000 0.000000 0.560635 0.828063 68.20 forward
7.318381 18.396479 0.000000 0.000000 0.000000 0.559464 0.828855 68.04 forward
7.314107 18.392228 0.000000 0.000000 0.000000 0.551628 0.834090 66.96 forward
7.309856 18.387517 0.000000 0.000000 0.000000 0.549550 0.835461 66.67 forward
7.361382 18.407180 0.000000 0.000000 0.000000 0.547495 0.836809 66.39 forward
7.357911 18.402898 0.000000 0.000000 0.000000 0.541134 0.840936 65.52 forward
7.354523 18.398394 0.000000 0.000000 0.000000 0.538528 0.842608 65.17 forward
7.351035 18.393793 0.000000 0.000000 0.000000 0.535907 0.844277 64.81 forward
7.347276 18.389293 0.000000 0.000000 0.000000 0.530035 0.847976 64.02 forward
7.343590 18.384577 0.000000 0.000000 0.000000 0.527072 0.849820 63.62 forward
7.387199 18.404953 0.000000 0.000000 0.000000 0.524122 0.851643 63.22 forward
7.384190 18.400607 0.000000 0.000000 0.000000 0.518878 0.854848 62.51 forward
7.381218 18.396100 0.000000 0.000000 0.000000 0.515710 0.856763 62.09 forward
7.378148 18.391507 0.000000 0.000000 0.000000 0.512527 0.858671 61.66 forward
7.374872 18.386939 0.000000 0.000000 0.000000 0.507866 0.861436 61.04 forward
7.371616 18.382227 0.000000 0.000000 0.000000 0.504601 0.863353 60.61 forward
7.440584 18.453127 0.000000 0.000000 0.000000 0.501336 0.865253 60.18 forward
7.438716 18.449668 0.000000 0.000000 0.000000 0.497194 0.867639 59.63 forward
7.436848 18.446098 0.000000 0.000000 0.000000 0.493909 0.869514 59.20 forward
7.434903 18.442454 0.000000 0.000000 0.000000 0.490609 0.871380 58.76 forward
7.432828 18.438781 0.000000 0.000000 0.000000 0.486927 0.873443 58.28 forward
7.430736 18.435013 0.000000 0.000000 0.000000 0.483671 0.875250 57.85 forward
7.486004 18.493598 0.000000 0.000000 0.000000 0.480419 0.877039 57.43 forward
7.484935 18.490875 0.000000 0.000000 0.000000 0.471915 0.881644 56.32 forward
7.483936 18.488020 0.000000 0.000000 0.000000 0.467922 0.883770 55.80 forward
7.482870 18.485097 0.000000 0.000000 0.000000 0.463908 0.885884 55.28 forward
7.481563 18.482203 0.000000 0.000000 0.000000 0.455291 0.890343 54.17 forward
7.480336 18.479184 0.000000 0.000000 0.000000 0.450730 0.892660 53.58 forward
7.560767 18.531231 0.000000 0.000000 0.000000 0.446189 0.894939 53.00 stop
7.561125 18.528930 0.000000 0.000000 0.000000 0.438482 0.898740 52.01 stop
7.561528 18.526533 0.000000 0.000000 0.000000 0.433590 0.901110 51.39 stop
7.561952 18.523495 0.000000 0.000000 0.000000 0.427549 0.903992 50.62 stop
7.562080 18.521552 0.000000 0.000000 0.000000 0.421770 0.906703 49.89 stop
7.562305 18.518964 0.000000 0.000000 0.000000 0.416712 0.909039 49.25 forward
7.660274 18.565244 0.000000 0.000000 0.000000 0.411690 0.911324 48.62 stop
7.662487 18.563072 0.000000 0.000000 0.000000 0.405611 0.914046 47.86 stop
7.664713 18.560827 0.000000 0.000000 0.000000 0.400522 0.916287 47.22 stop
7.666903 18.558500 0.000000 0.000000 0.000000 0.395411 0.918504 46.58 stop
7.669011 18.556086 0.000000 0.000000 0.000000 0.390065 0.920787 45.92 stop
7.671117 18.553605 0.000000 0.000000 0.000000 0.385032 0.922903 45.29 stop
7.775540 18.640914 0.000000 0.000000 0.000000 0.380075 0.924956 44.68 reverse
7.779899 18.639418 0.000000 0.000000 0.000000 0.368260 0.929723 43.22 reverse
7.784340 18.637941 0.000000 0.000000 0.000000 0.362290 0.932065 42.48 reverse
7.788774 18.636363 0.000000 0.000000 0.000000 0.356294 0.934374 41.75 reverse
7.793015 18.634354 0.000000 0.000000 0.000000 0.341193 0.939993 39.90 reverse
7.797369 18.632501 0.000000 0.000000 0.000000 0.333988 0.942577 39.02 reverse
7.908932 18.704382 0.000000 0.000000 0.000000 0.326869 0.945070 38.16 reverse
7.915673 18.702894 0.000000 0.000000 0.000000 0.315231 0.949015 36.75 reverse
7.922494 18.701449 0.000000 0.000000 0.000000 0.307550 0.951532 35.82 reverse
7.929305 18.699861 0.000000 0.000000 0.000000 0.299853 0.953985 34.90 reverse
7.936039 18.697896 0.000000 0.000000 0.000000 0.289576 0.957155 33.67 reverse
7.942818 18.695984 0.000000 0.000000 0.000000 0.281703 0.959502 32.72 reverse
8.056765 18.755607 0.000000 0.000000 0.000000 0.273917 0.961753 31.79 reverse
8.065965 18.753724 0.000000 0.000000 0.000000 0.265049 0.964235 30.74 reverse
8.075219 18.751799 0.000000 0.000000 0.000000 0.240530 0.970642 27.84 reverse
8.084474 18.749692 0.000000 0.000000 0.000000 0.232621 0.972568 26.90 reverse
8.093700 18.747307 0.000000 0.000000 0.000000 0.224982 0.974363 26.00 reverse
8.102947 18.744840 0.000000 0.000000 0.000000 0.217272 0.976111 25.10 reverse
8.215666 18.795480 0.000000 0.000000 0.000000 0.209679 0.977770 24.21 reverse
8.227283 18.792950 0.000000 0.000000 0.000000 0.203382 0.979100 23.47 reverse
8.238914 18.790240 0.000000 0.000000 0.000000 0.195990 0.980606 22.61 reverse
8.250604 18.787310 0.000000 0.000000 0.000000 0.188558 0.982062 21.74 reverse
8.262281 18.784325 0.000000 0.000000 0.000000 0.183747 0.982974 21.18 reverse
8.273949 18.781049 0.000000 0.000000 0.000000 0.176805 0.984246 20.37 reverse
8.382873 18.825743 0.000000 0.000000 0.000000 0.170008 0.985443 19.58 reverse
8.396852 18.822549 0.000000 0.000000 0.000000 0.166430 0.986053 19.16 reverse
8.410822 18.818977 0.000000 0.000000 0.000000 0.147388 0.989079 16.95 reverse
8.424807 18.815191 0.000000 0.000000 0.000000 0.140940 0.990018 16.20 reverse
8.438921 18.811589 0.000000 0.000000 0.000000 0.138461 0.990368 15.92 reverse
8.452960 18.807482 0.000000 0.000000 0.000000 0.132590 0.991171 15.24 reverse
8.556286 18.848790 0.000000 0.000000 0.000000 0.126907 0.991915 14.58 reverse
8.572562 18.845029 0.000000 0.000000 0.000000 0.125404 0.992106 14.41 reverse
8.588768 18.840719 0.000000 0.000000 0.000000 0.120120 0.992759 13.80 reverse
8.605051 18.836192 0.000000 0.000000 0.000000 0.114821 0.993386 13.19 reverse
8.621524 18.832116 0.000000 0.000000 0.000000 0.114280 0.993449 13.12 reverse
8.637883 18.827335 0.000000 0.000000 0.000000 0.109603 0.993975 12.58 reverse
8.734335 18.867170 0.000000 0.000000 0.000000 0.105148 0.994457 12.07 reverse
8.752833 18.863085 0.000000 0.000000 0.000000 0.105473 0.994422 12.11 reverse
8.771234 18.858290 0.000000 0.000000 0.000000 0.094714 0.995505 10.87 reverse
8.789729 18.853300 0.000000 0.000000 0.000000 0.090641 0.995884 10.40 reverse
8.808523 18.849030 0.000000 0.000000 0.000000 0.091859 0.995772 10.54 reverse
8.827154 18.843870 0.000000 0.000000 0.000000 0.088424 0.996083 10.15 reverse
8.915726 18.883465 0.000000 0.000000 0.000000 0.085244 0.996360 9.78 reverse
8.936379 18.879410 0.000000 0.000000 0.000000 0.087302 0.996182 10.02 reverse
8.956948 18.874489 0.000000 0.000000 0.000000 0.084503 0.996423 9.69 reverse
8.977585 18.869424 0.000000 0.000000 0.000000 0.081705 0.996657 9.37 reverse
8.998594 18.865366 0.000000 0.000000 0.000000 0.084625 0.996413 9.71 reverse
9.019440 18.860242 0.000000 0.000000 0.000000 0.082479 0.996593 9.46 reverse
9.099362 18.900126 0.000000 0.000000 0.000000 0.080607 0.996746 9.25 reverse
9.122053 18.896467 0.000000 0.000000 0.000000 0.083806 0.996482 9.61 reverse
9.144623 18.891871 0.000000 0.000000 0.000000 0.082236 0.996613 9.43 reverse
9.167357 18.887165 0.000000 0.000000 0.000000 0.080662 0.996742 9.25 reverse
9.190418 18.883469 0.000000 0.000000 0.000000 0.083508 0.996507 9.58 reverse
9.213364 18.878773 0.000000 0.000000 0.000000 0.082361 0.996603 9.45 reverse
9.247531 18.914978 0.000000 0.000000 0.000000 0.081438 0.996678 9.34 reverse
9.271251 18.911795 0.000000 0.000000 0.000000 0.083876 0.996476 9.62 reverse
9.294944 18.907834 0.000000 0.000000 0.000000 0.083038 0.996546 9.53 reverse
9.318812 18.903803 0.000000 0.000000 0.000000 0.082198 0.996616 9.43 reverse
9.342898 18.900596 0.000000 0.000000 0.000000 0.084289 0.996441 9.67 reverse
9.366970 18.896590 0.000000 0.000000 0.000000 0.083674 0.996493 9.60 reverse
9.400654 18.933256 0.000000 0.000000 0.000000 0.083292 0.996525 9.56 reverse
9.425382 18.930639 0.000000 0.000000 0.000000 0.085044 0.996377 9.76 reverse
9.450183 18.927414 0.000000 0.000000 0.000000 0.084587 0.996416 9.70 reverse
9.475101 18.924154 0.000000 0.000000 0.000000 0.084131 0.996455 9.65 reverse
9.500217 18.921544 0.000000 0.000000 0.000000 0.085703 0.996321 9.83 reverse
9.525401 18.918310 0.000000 0.000000 0.000000 0.085373 0.996349 9.79 reverse
9.594127 18.958414 0.000000 0.000000 0.000000 0.085328 0.996353 9.79 reverse
9.620605 18.956445 0.000000 0.000000 0.000000 0.086627 0.996241 9.94 reverse
9.647171 18.954022 0.000000 0.000000 0.000000 0.086389 0.996261 9.91 reverse
9.673858 18.951581 0.000000 0.000000 0.000000 0.086152 0.996282 9.88 reverse
9.700746 18.949632 0.000000 0.000000 0.000000 0.087264 0.996185 10.01 reverse
9.727690 18.947224 0.000000 0.000000 0.000000 0.087093 0.996200 9.99 reverse
9.821438 18.988999 0.000000 0.000000 0.000000 0.087230 0.996188 10.01 reverse
9.850165 18.987753 0.000000 0.000000 0.000000 0.088148 0.996107 10.11 reverse
9.878969 18.986180 0.000000 0.000000 0.000000 0.088028 0.996118 10.10 reverse
9.907996 18.984596 0.000000 0.000000 0.000000 0.074031 0.997256 8.49 reverse
9.937162 18.983389 0.000000 0.000000 0.000000 0.074818 0.997197 8.58 reverse
9.966426 18.981847 0.000000 0.000000 0.000000 0.074736 0.997203 8.57 reverse
10.071611 19.070356 0.000000 0.000000 0.000000 0.075271 0.997163 8.63 reverse
10.102870 19.070816 0.000000 0.000000 0.000000 0.075729 0.997128 8.69 reverse
10.134272 19.071092 0.000000 0.000000 0.000000 0.075657 0.997134 8.68 reverse
10.165899 19.071379 0.000000 0.000000 0.000000 0.075586 0.997139 8.67 reverse
10.197647 19.071878 0.000000 0.000000 0.000000 0.075861 0.997118 8.70 reverse
10.229546 19.072207 0.000000 0.000000 0.000000 0.075780 0.997125 8.69 reverse
10.345174 19.147915 0.000000 0.000000 0.000000 0.076235 0.997090 8.74 reverse
10.379179 19.149932 0.000000 0.000000 0.000000 0.076609 0.997061 8.79 reverse
10.413368 19.151825 0.000000 0.000000 0.000000 0.076556 0.997065 8.78 reverse
10.447795 19.153747 0.000000 0.000000 0.000000 0.086219 0.996276 9.89 reverse
10.482301 19.155880 0.000000 0.000000 0.000000 0.086591 0.996244 9.94 reverse
10.517041 19.157876 0.000000 0.000000 0.000000 0.086564 0.996246 9.93 reverse
10.637166 19.221682 0.000000 0.000000 0.000000 0.086982 0.996210 9.98 reverse
10.674045 19.225066 0.000000 0.000000 0.000000 0.087221 0.996189 10.01 reverse
10.711087 19.228392 0.000000 0.000000 0.000000 0.087212 0.996190 10.01 reverse
10.748427 19.231765 0.000000 0.000000 0.000000 0.091743 0.995783 10.53 reverse
10.785880 19.235263 0.000000 0.000000 0.000000 0.091897 0.995768 10.55 reverse
10.823485 19.238711 0.000000 0.000000 0.000000 0.091893 0.995769 10.54 reverse
10.980439 19.295569 0.000000 0.000000 0.000000 0.092250 0.995736 10.59 reverse
11.020932 19.300180 0.000000 0.000000 0.000000 0.092326 0.995729 10.59 reverse
11.061645 19.304805 0.000000 0.000000 0.000000 0.104058 0.994571 11.95 reverse
11.102605 19.309480 0.000000 0.000000 0.000000 0.104057 0.994571 11.95 reverse
11.143760 19.314237 0.000000 0.000000 0.000000 0.104116 0.994565 11.95 reverse
11.185083 19.319002 0.000000 0.000000 0.000000 0.104116 0.994565 11.95 reverse
11.323668 19.411560 0.000000 0.000000 0.000000 0.104808 0.994492 12.03 reverse
11.367483 19.418180 0.000000 0.000000 0.000000 0.118906 0.992906 13.66 reverse
11.415445 19.425488 0.000000 0.000000 0.000000 0.118914 0.992905 13.66 reverse
11.455809 19.431663 0.000000 0.000000 0.000000 0.118920 0.992904 13.66 reverse
11.500327 19.438472 0.000000 0.000000 0.000000 0.118913 0.992905 13.66 reverse
11.545005 19.445357 0.000000 0.000000 0.000000 0.118926 0.992903 13.66 reverse
11.670339 19.516093 0.000000 0.000000 0.000000 0.135747 0.990744 15.60 reverse
11.717194 19.524339 0.000000 0.000000 0.000000 0.135666 0.990755 15.59 reverse
11.764240 19.532716 0.000000 0.000000 0.000000 0.135684 0.990752 15.60 reverse
11.811661 19.541189 0.000000 0.000000 0.000000 0.135702 0.990750 15.60 reverse
11.859261 19.549645 0.000000 0.000000 0.000000 0.135624 0.990760 15.59 reverse
11.907050 19.558234 0.000000 0.000000 0.000000 0.135642 0.990758 15.59 reverse
11.981400 19.606154 0.000000 0.000000 0.000000 0.143099 0.989708 16.45 reverse
12.030289 19.615602 0.000000 0.000000 0.000000 0.142952 0.989730 16.44 reverse
12.079370 19.625217 0.000000 0.000000 0.000000 0.142966 0.989728 16.44 reverse
12.128820 19.634934 0.000000 0.000000 0.000000 0.142980 0.989726 16.44 reverse
12.178470 19.644607 0.000000 0.000000 0.000000 0.142854 0.989744 16.43 reverse
12.228289 19.654444 0.000000 0.000000 0.000000 0.142865 0.989742 16.43 reverse
12.297843 19.687261 0.000000 0.000000 0.000000 0.143785 0.989609 16.53 reverse
12.348648 19.697637 0.000000 0.000000 0.000000 0.143653 0.989628 16.52 reverse
12.399637 19.708180 0.000000 0.000000 0.000000 0.143663 0.989627 16.52 reverse
12.450994 19.718829 0.000000 0.000000 0.000000 0.143673 0.989625 16.52 reverse
12.502544 19.729447 0.000000 0.000000 0.000000 0.143581 0.989639 16.51 reverse
12.554291 19.740228 0.000000 0.000000 0.000000 0.143593 0.989637 16.51 reverse
12.575788 19.803111 0.000000 0.000000 0.000000 0.154702 0.987961 17.80 reverse
12.627503 19.815016 0.000000 0.000000 0.000000 0.154522 0.987989 17.78 reverse
12.679405 19.827144 0.000000 0.000000 0.000000 0.154536 0.987987 17.78 reverse
12.731634 19.839382 0.000000 0.000000 0.000000 0.154549 0.987985 17.78 reverse
12.784109 19.851712 0.000000 0.000000 0.000000 0.154563 0.987983 17.78 reverse
12.836852 19.863967 0.000000 0.000000 0.000000 0.154421 0.988005 17.77 reverse
12.862102 19.905071 0.000000 0.000000 0.000000 0.171777 0.985136 19.78 reverse
12.914734 19.918098 0.000000 0.000000 0.000000 0.171604 0.985166 19.76 reverse
12.967559 19.931361 0.000000 0.000000 0.000000 0.171622 0.985163 19.76 reverse
13.020754 19.944754 0.000000 0.000000 0.000000 0.171640 0.985160 19.77 reverse
13.074142 19.958056 0.000000 0.000000 0.000000 0.171476 0.985188 19.75 reverse
13.127711 19.971596 0.000000 0.000000 0.000000 0.171492 0.985186 19.75 reverse
13.117946 19.990658 0.000000 0.000000 0.000000 0.171758 0.985139 19.78 reverse
13.170770 20.004377 0.000000 0.000000 0.000000 0.176186 0.984357 20.30 reverse
13.223752 20.018321 0.000000 0.000000 0.000000 0.176200 0.984354 20.30 reverse
13.277111 20.032402 0.000000 0.000000 0.000000 0.176215 0.984352 20.30 reverse
13.330661 20.046403 0.000000 0.000000 0.000000 0.176054 0.984381 20.28 reverse
13.384348 20.060626 0.000000 0.000000 0.000000 0.176065 0.984379 20.28 reverse
13.347274 20.061863 0.000000 0.000000 0.000000 0.176205 0.984354 20.30 reverse
13.399654 20.075910 0.000000 0.000000 0.000000 0.176044 0.984382 20.28 reverse
13.452193 20.090165 0.000000 0.000000 0.000000 0.176053 0.984381 20.28 reverse
13.505071 20.104549 0.000000 0.000000 0.000000 0.166035 0.986120 19.11 reverse
13.558110 20.118890 0.000000 0.000000 0.000000 0.165949 0.986134 19.10 reverse
13.611299 20.133423 0.000000 0.000000 0.000000 0.165965 0.986132 19.11 reverse
13.553689 20.120551 0.000000 0.000000 0.000000 0.166013 0.986124 19.11 reverse
13.605140 20.134632 0.000000 0.000000 0.000000 0.165880 0.986146 19.10 reverse
13.656702 20.148888 0.000000 0.000000 0.000000 0.165893 0.986144 19.10 reverse
13.708590 20.163271 0.000000 0.000000 0.000000 0.165906 0.986142 19.10 reverse
13.760631 20.177600 0.000000 0.000000 0.000000 0.165770 0.986164 19.08 reverse
13.812809 20.192122 0.000000 0.000000 0.000000 0.157259 0.987557 18.10 reverse
13.703686 20.164488 0.000000 0.000000 0.000000 0.157302 0.987551 18.10 reverse
13.753047 20.178269 0.000000 0.000000 0.000000 0.157185 0.987569 18.09 reverse
13.802485 20.192197 0.000000 0.000000 0.000000 0.157190 0.987568 18.09 reverse
13.852205 20.206241 0.000000 0.000000 0.000000 0.157196 0.987567 18.09 reverse
13.902074 20.220268 0.000000 0.000000 0.000000 0.157099 0.987583 18.08 reverse
13.952040 20.234444 0.000000 0.000000 0.000000 0.157104 0.987582 18.08 reverse
13.805814 20.195826 0.000000 0.000000 0.000000 0.157145 0.987576 18.08 reverse
13.852188 20.209056 0.000000 0.000000 0.000000 0.157057 0.987590 18.07 reverse
13.898648 20.222413 0.000000 0.000000 0.000000 0.157060 0.987589 18.07 reverse
13.945347 20.235874 0.000000 0.000000 0.000000 0.157063 0.987589 18.07 reverse
13.992138 20.249329 0.000000 0.000000 0.000000 0.156992 0.987600 18.06 reverse
14.039005 20.262903 0.000000 0.000000 0.000000 0.156994 0.987600 18.06 reverse
13.867830 20.216513 0.000000 0.000000 0.000000 0.157035 0.987593 18.07 reverse
13.910584 20.228994 0.000000 0.000000 0.000000 0.156965 0.987604 18.06 reverse
13.953391 20.241577 0.000000 0.000000 0.000000 0.156967 0.987604 18.06 reverse
13.996367 20.254245 0.000000 0.000000 0.000000 0.156969 0.987604 18.06 reverse
14.039440 20.266927 0.000000 0.000000 0.000000 0.156910 0.987613 18.06 reverse
14.082534 20.279698 0.000000 0.000000 0.000000 0.156911 0.987613 18.06 reverse
13.896642 20.228269 0.000000 0.000000 0.000000 0.156951 0.987606 18.06 reverse
13.935307 20.239848 0.000000 0.000000 0.000000 0.156896 0.987615 18.05 reverse
13.974013 20.251513 0.000000 0.000000 0.000000 0.156897 0.987615 18.05 reverse
14.012861 20.263258 0.000000 0.000000 0.000000 0.156898 0.987615 18.05 reverse
14.051728 20.275008 0.000000 0.000000 0.000000 0.156851 0.987622 18.05 reverse
14.090609 20.286832 0.000000 0.000000 0.000000 0.156852 0.987622 18.05 reverse
13.898380 20.232632 0.000000 0.000000 0.000000 0.156891 0.987616 18.05 reverse
13.932707 20.243215 0.000000 0.000000 0.000000 0.156846 0.987623 18.05 reverse
13.976509 20.256808 0.000000 0.000000 0.000000 0.156847 0.987623 18.05 reverse
14.001412 20.264564 0.000000 0.000000 0.000000 0.156847 0.987623 18.05 reverse
14.035850 20.275294 0.000000 0.000000 0.000000 0.156809 0.987629 18.04 reverse
14.070269 20.286081 0.000000 0.000000 0.000000 0.156809 0.987629 18.04 reverse
13.878501 20.230978 0.000000 0.000000 0.000000 0.156848 0.987623 18.05 reverse
13.908352 20.240498 0.000000 0.000000 0.000000 0.156810 0.987629 18.04 reverse
13.938144 20.250060 0.000000 0.000000 0.000000 0.156810 0.987629 18.04 reverse
13.967989 20.259677 0.000000 0.000000 0.000000 0.156810 0.987629 18.04 reverse
13.997802 20.269303 0.000000 0.000000 0.000000 0.156779 0.987634 18.04 reverse
14.027532 20.278959 0.000000 0.000000 0.000000 0.156779 0.987634 18.04 reverse
13.841830 20.224531 0.000000 0.000000 0.000000 0.156817 0.987628 18.04 reverse
13.867175 20.232953 0.000000 0.000000 0.000000 0.156784 0.987633 18.04 reverse
13.892441 20.241406 0.000000 0.000000 0.000000 0.156784 0.987633 18.04 reverse
13.917708 20.249899 0.000000 0.000000 0.000000 0.156784 0.987633 18.04 reverse
13.942902 20.258394 0.000000 0.000000 0.000000 0.156757 0.987637 18.04 reverse
13.967976 20.266903 0.000000 0.000000 0.000000 0.156757 0.987637 18.04 reverse
13.829379 20.218271 0.000000 0.000000 0.000000 0.156741 0.987640 18.04 reverse
13.851041 20.225667 0.000000 0.000000 0.000000 0.156721 0.987643 18.03 reverse
13.872617 20.233083 0.000000 0.000000 0.000000 0.156721 0.987643 18.03 reverse
13.894157 20.240527 0.000000 0.000000 0.000000 0.156721 0.987643 18.03 reverse
13.915599 20.247972 0.000000 0.000000 0.000000 0.156704 0.987646 18.03 reverse
13.936895 20.255415 0.000000 0.000000 0.000000 0.156704 0.987646 18.03 reverse
13.802239 20.208599 0.000000 0.000000 0.000000 0.156702 0.987646 18.03 reverse
13.820225 20.214972 0.000000 0.000000 0.000000 0.156689 0.987648 18.03 reverse
13.838119 20.221360 0.000000 0.000000 0.000000 0.156689 0.987648 18.03 reverse
13.855888 20.227747 0.000000 0.000000 0.000000 0.156689 0.987648 18.03 reverse
13.873539 20.234130 0.000000 0.000000 0.000000 0.156678 0.987650 18.03 reverse
13.891084 20.240522 0.000000 0.000000 0.000000 0.156678 0.987650 18.03 reverse
13.764069 20.196380 0.000000 0.000000 0.000000 0.156684 0.987649 18.03 reverse
13.778457 20.201754 0.000000 0.000000 0.000000 0.156687 0.987648 18.03 reverse
13.792705 20.207123 0.000000 0.000000 0.000000 0.156690 0.987648 18.03 reverse
13.806821 20.212489 0.000000 0.000000 0.000000 0.156692 0.987648 18.03 reverse
13.820781 20.217841 0.000000 0.000000 0.000000 0.156696 0.987647 18.03 reverse
13.834611 20.223191 0.000000 0.000000 0.000000 0.156700 0.987646 18.03 reverse
13.718018 20.182366 0.000000 0.000000 0.000000 0.156714 0.987644 18.03 reverse
